A126668290,86,08,13
A226350713,82,02,12
A126434981,55,01,26
A126216625,70,07,21
A120734204,64,05,28
C220668021,57,10,23
A126824369,84,04,07
A126777810,82,02,08
A227656849,73,03,13
A133319757,79,09,24
A124653282,66,09,18
A227656849,73,03,13
A133532572,81,08,05
A126549325,79,09,05
A126824369,84,04,07
A230642493,86,05,21
A120408745,56,01,25
A230642493,86,05,21
A126543761,79,06,21
M121635175,69,08,18
F125356929,70,05,22
A126113889,81,02,14
A225680909,76,09,24
A120883391,57,09,11
F121632446,61,04,10
F228946730,84,12,18
F124501608,68,02,24
M122412649,79,01,29
A124312526,69,03,28
A125722679,70,09,11
F128861650,83,02,07